number,InfluxDBValue
0,635.0
1,635.0
2,635.0
3,640.0
4,640.0
5,640.0
6,640.0
7,640.0
8,640.0
9,640.0
10,640.0
11,640.0
12,640.0
13,640.0
14,640.0
15,645.0
16,645.0
17,645.0
18,640.0
19,640.0
20,640.0
21,640.0
22,640.0
23,640.0
24,640.0
25,640.0
26,640.0
27,645.0
28,645.0
29,645.0
30,640.0
31,640.0
32,640.0
33,640.0
34,640.0
35,645.0
36,645.0
37,645.0
38,645.0
39,645.0
40,645.0
41,645.0
42,645.0
43,645.0
44,640.0
45,640.0
46,640.0
47,640.0
48,640.0
49,640.0
50,640.0
51,645.0
52,645.0
53,645.0
54,640.0
55,640.0
56,640.0
57,640.0
58,640.0
59,640.0
60,640.0
61,640.0
62,640.0
63,640.0
64,645.0
65,645.0
66,640.0
67,640.0
68,640.0
69,640.0
70,635.0
71,640.0
72,640.0
73,640.0
74,640.0
75,640.0
76,640.0
77,640.0
78,640.0
79,635.0
80,635.0
81,635.0
82,635.0
83,640.0
84,640.0
85,640.0
86,640.0
87,640.0
88,640.0
89,635.0
90,635.0
91,635.0
92,635.0
93,635.0
94,635.0
95,635.0
96,635.0
97,635.0
98,635.0
99,635.0
100,635.0
101,635.0
102,635.0
103,635.0
104,635.0
105,635.0
106,635.0
107,635.0
108,640.0
109,640.0
110,635.0
111,635.0
112,635.0
113,635.0
114,635.0
115,635.0
116,635.0
117,635.0
118,635.0
119,635.0
120,640.0
121,645.0
122,650.0
123,655.0
124,660.0
125,660.0
126,665.0
127,665.0
128,665.0
129,660.0
130,660.0
131,665.0
132,665.0
133,665.0
134,665.0
135,665.0
136,665.0
137,685.0
138,675.0
139,675.0
140,670.0
141,665.0
142,675.0
143,675.0
144,675.0
145,670.0
146,720.0
147,720.0
148,720.0
149,715.0
150,715.0
151,705.0
152,690.0
153,685.0
154,690.0
155,690.0
156,695.0
157,695.0
158,700.0
159,690.0
160,685.0
161,695.0
162,690.0
163,685.0
164,660.0
165,675.0
166,685.0
167,695.0
168,685.0
169,665.0
170,655.0
171,645.0
172,650.0
173,645.0
174,660.0
175,680.0
176,685.0
177,710.0
178,705.0
179,710.0
180,685.0
181,705.0
182,690.0
183,660.0
184,665.0
185,680.0
186,685.0
187,685.0
188,675.0
189,690.0
190,695.0
191,695.0
192,700.0
193,695.0
194,685.0
195,690.0
196,695.0
197,675.0
198,680.0
199,670.0
200,665.0
201,660.0
202,655.0
203,650.0
204,650.0
205,650.0
206,660.0
207,655.0
208,655.0
209,650.0
210,645.0
211,650.0
212,650.0
213,665.0
214,650.0
215,645.0
216,650.0
217,660.0
218,665.0
219,660.0
220,660.0
221,655.0
222,640.0
223,645.0
224,645.0
225,655.0
226,655.0
227,655.0
228,655.0
229,655.0
230,650.0
231,650.0
232,650.0
233,650.0
234,655.0
235,650.0
236,650.0
237,645.0
238,645.0
239,650.0
240,645.0
241,645.0
242,640.0
243,640.0
244,635.0
245,635.0
246,635.0
247,635.0
248,635.0
249,630.0
250,630.0
251,630.0
252,630.0
253,625.0
254,625.0
255,625.0
256,625.0
257,625.0
258,625.0
259,625.0
260,625.0
261,620.0
262,620.0
263,625.0
264,630.0
265,635.0
266,635.0
267,640.0
268,640.0
269,645.0
270,640.0
271,645.0
272,645.0
273,645.0
274,645.0
275,645.0
276,640.0
277,640.0
278,640.0
279,640.0
280,645.0
281,640.0
282,635.0
283,635.0
284,630.0
285,630.0
286,630.0
287,630.0
288,630.0
289,630.0
290,630.0
291,630.0
292,630.0
293,620.0
294,620.0
295,620.0
296,615.0
297,620.0
298,620.0
299,615.0
300,615.0
301,615.0
302,615.0
303,615.0
304,610.0
305,610.0
306,610.0
307,610.0
308,605.0
309,605.0
310,605.0
311,610.0
312,610.0
313,610.0
314,605.0
315,605.0
316,605.0
317,600.0
318,600.0
319,600.0
320,600.0
321,595.0
322,600.0
323,595.0
324,595.0
325,595.0
326,595.0
327,595.0
328,595.0
329,595.0
330,595.0
331,595.0
332,595.0
333,595.0
334,595.0
335,595.0
336,595.0
337,595.0
338,595.0
339,595.0
340,595.0
341,595.0
342,590.0
343,590.0
344,590.0
345,590.0
346,590.0
347,590.0
348,590.0
349,590.0
350,590.0
351,585.0
352,585.0
353,585.0
354,585.0
355,585.0
356,580.0
357,585.0
358,585.0
359,585.0
360,585.0
361,585.0
362,585.0
363,580.0
364,580.0
365,580.0
366,580.0
367,580.0
368,580.0
369,580.0
370,580.0
371,580.0
372,580.0
373,580.0
374,580.0
375,580.0
376,575.0
377,575.0
378,575.0
379,575.0
380,575.0
381,575.0
382,580.0
383,575.0
384,575.0
385,575.0
386,575.0
387,575.0
388,570.0
389,570.0
390,570.0
391,570.0
392,570.0
393,570.0
394,570.0
395,565.0
396,565.0
397,565.0
398,565.0
399,565.0
400,560.0
401,560.0
402,565.0
403,565.0
404,565.0
405,565.0
406,565.0
407,565.0
408,565.0
409,560.0
410,560.0
411,560.0
412,560.0
413,560.0
414,560.0
415,560.0
416,560.0
417,560.0
418,555.0
419,555.0
420,555.0
421,555.0
422,555.0
423,555.0
424,555.0
425,555.0
426,555.0
427,555.0
428,555.0
429,555.0
430,555.0
431,560.0
432,560.0
433,560.0
434,555.0
435,555.0
436,555.0
437,555.0
438,555.0
439,555.0
440,555.0
441,555.0
442,555.0
443,555.0
444,555.0
445,550.0
446,550.0
447,550.0
448,550.0
449,550.0
450,550.0
451,550.0
452,550.0
453,550.0
454,550.0
455,550.0
456,550.0
457,550.0
458,550.0
459,550.0
460,550.0
461,550.0
462,545.0
463,545.0
464,550.0
465,545.0
466,550.0
467,545.0
468,545.0
469,545.0
470,545.0
471,545.0
472,545.0
473,545.0
474,545.0
475,545.0
476,545.0
477,545.0
478,545.0
479,545.0
480,550.0
481,545.0
482,545.0
483,545.0
484,545.0
485,545.0
486,545.0
487,545.0
488,540.0
489,540.0
490,540.0
491,545.0
492,540.0
493,545.0
494,540.0
495,540.0
496,540.0
497,540.0
498,545.0
499,540.0
500,545.0
501,545.0
502,540.0
503,545.0
504,540.0
505,540.0
506,540.0
507,540.0
508,540.0
509,540.0
510,540.0
511,540.0
512,540.0
513,540.0
514,540.0
515,540.0
516,540.0
517,540.0
518,540.0
519,540.0
520,540.0
521,540.0
522,540.0
523,540.0
524,540.0
525,540.0
526,540.0
527,540.0
528,540.0
529,540.0
530,540.0
531,540.0
532,540.0
533,540.0
534,540.0
535,540.0
536,540.0
537,540.0
538,540.0
539,540.0
540,540.0
541,540.0
542,540.0
543,540.0
544,540.0
545,535.0
546,540.0
547,540.0
548,540.0
549,540.0
550,540.0
551,540.0
552,540.0
553,540.0
554,540.0
555,540.0
556,540.0
557,540.0
558,540.0
559,540.0
560,540.0
561,535.0
562,540.0
563,535.0
564,540.0
565,535.0
566,535.0
567,535.0
568,535.0
569,535.0
570,535.0
571,535.0
572,540.0
573,540.0
574,540.0
575,540.0
576,540.0
577,540.0
578,540.0
579,540.0
580,540.0
581,540.0
582,540.0
583,540.0
584,540.0
585,540.0
586,540.0
587,540.0
588,540.0
589,535.0
590,535.0
591,535.0
592,535.0
593,535.0
594,535.0
595,540.0
596,535.0
597,540.0
598,540.0
599,540.0
600,540.0
601,540.0
602,540.0
603,540.0
604,540.0
605,540.0
606,540.0
607,540.0
608,540.0
609,540.0
610,540.0
611,540.0
612,540.0
613,540.0
614,540.0
615,540.0
616,540.0
617,540.0
618,540.0
619,540.0
620,545.0
621,545.0
622,545.0
623,545.0
624,545.0
625,545.0
626,545.0
627,545.0
628,545.0
629,545.0
630,545.0
631,545.0
632,545.0
633,545.0
634,545.0
635,545.0
636,550.0
637,550.0
638,550.0
639,550.0
640,550.0
641,550.0
642,550.0
643,550.0
644,555.0
645,555.0
646,555.0
647,555.0
648,555.0
649,555.0
650,555.0
651,555.0
652,550.0
653,555.0
654,555.0
655,555.0
656,555.0
657,555.0
658,555.0
659,555.0
660,555.0
661,555.0
662,555.0
663,555.0
664,555.0
665,555.0
666,555.0
667,555.0
668,555.0
669,560.0
670,560.0
671,560.0
672,560.0
673,560.0
674,560.0
675,560.0
676,560.0
677,555.0
678,555.0
679,555.0
680,555.0
681,560.0
682,555.0
683,560.0
684,560.0
685,560.0
686,560.0
687,560.0
688,560.0
689,560.0
690,560.0
691,560.0
692,565.0
693,565.0
694,560.0
695,560.0
696,560.0
697,560.0
698,560.0
699,560.0
700,560.0
701,560.0
702,560.0
703,560.0
704,560.0
705,560.0
706,560.0
707,555.0
708,555.0
709,555.0
710,555.0
711,555.0
712,555.0
713,555.0
714,555.0
715,555.0
716,560.0
717,560.0
718,560.0
719,555.0
720,555.0
721,555.0
722,555.0
723,555.0
724,555.0
725,555.0
726,555.0
727,555.0
728,555.0
729,555.0
730,555.0
731,550.0
732,550.0
733,550.0
734,550.0
735,550.0
736,550.0
737,550.0
738,550.0
739,555.0
740,555.0
741,550.0
742,550.0
743,550.0
744,550.0
745,550.0
746,550.0
747,550.0
748,550.0
749,550.0
750,550.0
751,550.0
752,545.0
753,545.0
754,545.0
755,545.0
756,545.0
757,545.0
758,545.0
759,545.0
760,545.0
761,545.0
762,545.0
763,545.0
764,545.0
765,545.0
766,545.0
767,545.0
768,545.0
769,545.0
770,545.0
771,545.0
772,540.0
773,545.0
774,545.0
775,540.0
776,540.0
777,540.0
778,540.0
779,540.0
780,540.0
781,540.0
782,540.0
783,540.0
784,540.0
785,540.0
786,540.0
787,540.0
788,540.0
789,540.0
790,540.0
791,540.0
792,540.0
793,540.0
794,540.0
795,540.0
796,540.0
797,540.0
798,540.0
799,535.0
800,535.0
801,535.0
802,540.0
803,535.0
804,535.0
805,535.0
806,535.0
807,535.0
808,535.0
809,535.0
810,535.0
811,535.0
812,535.0
813,535.0
814,535.0
815,535.0
816,535.0
817,535.0
818,535.0
819,535.0
820,535.0
821,535.0
822,535.0
823,540.0
824,540.0
825,545.0
826,545.0
827,545.0
828,545.0
829,540.0
830,540.0
831,540.0
832,540.0
833,535.0
834,540.0
835,540.0
836,540.0
837,540.0
838,540.0
839,540.0
840,540.0
841,540.0
842,540.0
843,535.0
844,535.0
845,535.0
846,535.0
847,535.0
848,535.0
849,535.0
850,535.0
851,535.0
852,535.0
853,535.0
854,535.0
855,535.0
856,535.0
857,535.0
858,535.0
859,535.0
860,535.0
861,540.0
862,535.0
863,535.0
864,535.0
865,535.0
866,535.0
867,535.0
868,535.0
869,535.0
870,535.0
871,535.0
872,535.0
873,535.0
874,535.0
875,535.0
876,535.0
877,535.0
878,530.0
879,530.0
880,530.0
881,530.0
882,530.0
883,535.0
884,535.0
885,535.0
886,535.0
887,535.0
888,530.0
889,530.0
890,530.0
891,530.0
892,530.0
893,530.0
894,530.0
895,530.0
896,530.0
897,530.0
898,530.0
899,530.0
900,530.0
901,530.0
902,530.0
903,530.0
904,530.0
905,530.0
906,530.0
907,525.0
908,530.0
909,530.0
910,530.0
911,530.0
912,530.0
913,530.0
914,530.0
915,530.0
916,525.0
917,525.0
918,525.0
919,525.0
920,525.0
921,525.0
922,525.0
923,525.0
924,525.0
925,520.0
926,525.0
927,525.0
928,525.0
929,525.0
930,525.0
931,525.0
932,525.0
933,525.0
934,520.0
935,520.0
936,520.0
937,520.0
938,520.0
939,520.0
940,520.0
941,520.0
942,520.0
943,520.0
944,520.0
945,520.0
946,520.0
947,520.0
948,520.0
949,520.0
950,520.0
951,520.0
952,520.0
953,520.0
954,520.0
955,520.0
956,520.0
957,520.0
958,520.0
959,520.0
960,520.0
961,520.0
962,520.0
963,520.0
964,520.0
965,520.0
966,520.0
967,520.0
968,520.0
969,520.0
970,520.0
971,520.0
972,520.0
973,515.0
974,520.0
975,520.0
976,520.0
977,520.0
978,520.0
979,520.0
980,520.0
981,520.0
982,515.0
983,520.0
984,515.0
985,515.0
986,515.0
987,515.0
988,515.0
989,515.0
990,515.0
991,515.0
992,515.0
993,515.0
994,515.0
995,515.0
996,515.0
997,515.0
998,515.0
999,515.0
1000,515.0
1001,515.0
1002,515.0
1003,515.0
1004,515.0
1005,515.0
1006,515.0
1007,515.0
1008,515.0
1009,515.0
1010,515.0
1011,515.0
1012,515.0
1013,515.0
1014,515.0
1015,515.0
1016,515.0
1017,515.0
1018,515.0
1019,515.0
1020,515.0
1021,515.0
1022,510.0
1023,510.0
1024,515.0
1025,515.0
1026,515.0
1027,515.0
1028,515.0
1029,515.0
1030,515.0
1031,515.0
1032,515.0
1033,510.0
1034,510.0
1035,510.0
1036,515.0
1037,510.0
1038,510.0
1039,510.0
1040,510.0
1041,510.0
1042,510.0
1043,510.0
1044,510.0
1045,510.0
1046,510.0
1047,510.0
1048,510.0
1049,510.0
1050,510.0
1051,510.0
1052,510.0
1053,510.0
1054,510.0
1055,510.0
1056,510.0
1057,510.0
1058,510.0
1059,510.0
1060,510.0
1061,510.0
1062,510.0
1063,510.0
1064,510.0
1065,510.0
1066,510.0
1067,510.0
1068,510.0
1069,510.0
1070,510.0
1071,510.0
1072,510.0
1073,510.0
1074,510.0
1075,510.0
1076,510.0
1077,510.0
1078,510.0
1079,510.0
1080,510.0
1081,510.0
1082,510.0
1083,510.0
1084,510.0
1085,510.0
1086,510.0
1087,505.0
1088,505.0
1089,510.0
1090,510.0
1091,510.0
1092,505.0
1093,505.0
1094,505.0
1095,510.0
1096,510.0
1097,510.0
1098,510.0
1099,510.0
1100,510.0
1101,510.0
1102,505.0
1103,505.0
1104,510.0
1105,510.0
1106,505.0
1107,505.0
1108,505.0
1109,505.0
1110,510.0
1111,510.0
1112,510.0
1113,505.0
1114,505.0
1115,505.0
1116,510.0
1117,510.0
1118,510.0
1119,510.0
1120,510.0
1121,510.0
1122,510.0
1123,510.0
1124,510.0
1125,510.0
1126,505.0
1127,505.0
1128,505.0
1129,505.0
1130,505.0
1131,505.0
1132,505.0
1133,505.0
1134,505.0
1135,505.0
1136,505.0
1137,505.0
1138,505.0
1139,505.0
1140,505.0
1141,505.0
1142,505.0
1143,505.0
1144,505.0
1145,505.0
1146,505.0
1147,505.0
1148,505.0
1149,505.0
1150,505.0
1151,505.0
1152,505.0
1153,505.0
1154,505.0
1155,505.0
1156,505.0
1157,505.0
1158,505.0
1159,505.0
1160,505.0
1161,505.0
1162,505.0
1163,505.0
1164,505.0
1165,505.0
1166,505.0
1167,505.0
1168,505.0
1169,505.0
1170,505.0
1171,505.0
1172,505.0
1173,505.0
1174,505.0
1175,505.0
1176,505.0
1177,505.0
1178,505.0
1179,505.0
1180,505.0
1181,505.0
1182,505.0
1183,505.0
1184,505.0
1185,505.0
1186,505.0
1187,505.0
1188,505.0
1189,505.0
1190,505.0
1191,505.0
1192,505.0
1193,505.0
1194,505.0
1195,505.0
1196,505.0
1197,505.0
1198,505.0
1199,505.0
1200,505.0
1201,505.0
1202,505.0
1203,505.0
1204,505.0
1205,505.0
1206,505.0
1207,500.0
1208,500.0
1209,500.0
1210,500.0
1211,500.0
1212,505.0
1213,505.0
1214,505.0
1215,505.0
1216,505.0
1217,505.0
1218,505.0
1219,500.0
1220,500.0
1221,500.0
1222,500.0
1223,500.0
1224,500.0
1225,500.0
1226,500.0
1227,500.0
1228,500.0
1229,500.0
1230,500.0
1231,500.0
1232,500.0
1233,500.0
1234,500.0
1235,500.0
1236,500.0
1237,500.0
1238,500.0
1239,500.0
1240,500.0
1241,500.0
1242,500.0
1243,500.0
1244,500.0
1245,500.0
1246,500.0
1247,500.0
1248,500.0
1249,500.0
1250,500.0
1251,500.0
1252,500.0
1253,500.0
1254,495.0
1255,500.0
1256,495.0
1257,495.0
1258,495.0
1259,495.0
1260,495.0
1261,495.0
1262,495.0
1263,495.0
1264,495.0
1265,495.0
1266,495.0
1267,495.0
1268,495.0
1269,495.0
1270,495.0
1271,495.0
1272,495.0
1273,495.0
1274,495.0
1275,495.0
1276,495.0
1277,495.0
1278,495.0
1279,495.0
1280,495.0
1281,495.0
1282,495.0
1283,495.0
1284,495.0
1285,495.0
1286,495.0
1287,495.0
1288,495.0
1289,495.0
1290,495.0
1291,495.0
1292,495.0
1293,490.0
1294,495.0
1295,495.0
1296,490.0
1297,490.0
1298,495.0
1299,490.0
1300,490.0
1301,490.0
1302,490.0
1303,490.0
1304,495.0
1305,490.0
1306,490.0
1307,490.0
1308,490.0
1309,495.0
1310,495.0
1311,495.0
1312,495.0
1313,490.0
1314,490.0
1315,490.0
1316,490.0
1317,490.0
1318,490.0
1319,490.0
1320,490.0
1321,490.0
1322,490.0
1323,490.0
1324,490.0
1325,490.0
1326,490.0
1327,485.0
1328,490.0
1329,485.0
1330,490.0
1331,490.0
1332,490.0
1333,490.0
1334,495.0
1335,490.0
1336,490.0
1337,490.0
1338,490.0
1339,490.0
1340,490.0
1341,490.0
1342,490.0
1343,490.0
1344,490.0
1345,490.0
1346,490.0
1347,490.0
1348,490.0
1349,485.0
1350,485.0
1351,485.0
1352,485.0
1353,485.0
1354,485.0
1355,485.0
1356,490.0
1357,490.0
1358,490.0
1359,490.0
1360,490.0
1361,490.0
1362,490.0
1363,490.0
1364,490.0
1365,485.0
1366,485.0
1367,485.0
1368,485.0
1369,485.0
1370,485.0
1371,485.0
1372,485.0
1373,485.0
1374,485.0
1375,485.0
1376,485.0
1377,485.0
1378,485.0
1379,485.0
1380,485.0
1381,485.0
1382,485.0
1383,485.0
1384,485.0
1385,485.0
1386,485.0
1387,485.0
1388,485.0
1389,485.0
1390,485.0
1391,485.0
1392,485.0
1393,485.0
1394,485.0
1395,485.0
1396,485.0
1397,485.0
1398,485.0
1399,485.0
1400,485.0
1401,485.0
1402,485.0
1403,485.0
1404,485.0
1405,485.0
1406,485.0
1407,485.0
1408,485.0
1409,485.0
1410,485.0
1411,485.0
1412,485.0
1413,485.0
1414,485.0
1415,485.0
1416,485.0
1417,485.0
1418,480.0
1419,480.0
1420,480.0
1421,485.0
1422,485.0
1423,485.0
1424,485.0
1425,485.0
1426,485.0
1427,485.0
1428,485.0
1429,485.0
1430,485.0
1431,485.0
1432,485.0
1433,485.0
1434,485.0
1435,485.0
1436,480.0
1437,485.0
1438,485.0
1439,485.0
1440,485.0
1441,485.0
1442,480.0
1443,480.0
1444,485.0
1445,480.0
1446,480.0
1447,480.0
1448,480.0
1449,485.0
1450,485.0
1451,485.0
1452,485.0
1453,485.0
1454,480.0
1455,480.0
1456,480.0
1457,480.0
1458,480.0
1459,480.0
1460,480.0
1461,480.0
1462,480.0
1463,480.0
1464,480.0
1465,480.0
1466,480.0
1467,480.0
1468,480.0
1469,485.0
1470,480.0
1471,480.0
1472,480.0
1473,485.0
1474,480.0
1475,480.0
1476,485.0
1477,480.0
1478,480.0
1479,480.0
1480,480.0
1481,480.0
1482,480.0
1483,480.0
1484,480.0
1485,480.0
1486,480.0
1487,480.0
1488,480.0
1489,480.0
1490,480.0
1491,480.0
1492,480.0
1493,480.0
1494,480.0
1495,480.0
1496,485.0
1497,480.0
1498,480.0
1499,480.0
1500,480.0
1501,480.0
1502,480.0
1503,480.0
1504,480.0
1505,480.0
1506,480.0
1507,480.0
1508,480.0
1509,480.0
1510,480.0
1511,480.0
1512,480.0
1513,480.0
1514,480.0
1515,480.0
1516,480.0
1517,480.0
1518,480.0
1519,480.0
1520,480.0
1521,480.0
1522,480.0
1523,480.0
1524,480.0
1525,480.0
1526,480.0
1527,480.0
1528,480.0
1529,480.0
1530,480.0
1531,480.0
1532,480.0
1533,480.0
1534,480.0
1535,480.0
1536,480.0
1537,480.0
1538,480.0
1539,480.0
1540,480.0
1541,480.0
1542,480.0
1543,480.0
1544,480.0
1545,480.0
1546,480.0
1547,480.0
1548,480.0
1549,480.0
1550,480.0
1551,480.0
1552,480.0
1553,480.0
1554,480.0
1555,480.0
1556,480.0
1557,480.0
1558,480.0
1559,480.0
1560,480.0
1561,480.0
1562,480.0
1563,480.0
1564,480.0
1565,480.0
1566,480.0
1567,480.0
1568,480.0
1569,480.0
1570,480.0
1571,480.0
1572,480.0
1573,480.0
1574,480.0
1575,480.0
1576,480.0
1577,480.0
1578,480.0
1579,480.0
1580,475.0
1581,475.0
1582,475.0
1583,480.0
1584,475.0
1585,480.0
1586,475.0
1587,475.0
1588,475.0
1589,475.0
1590,475.0
1591,480.0
1592,475.0
1593,480.0
1594,470.0
1595,480.0
1596,480.0
1597,480.0
1598,480.0
1599,480.0
1600,475.0
1601,475.0
1602,475.0
1603,480.0
1604,475.0
1605,475.0
1606,480.0
1607,475.0
1608,475.0
1609,475.0
1610,475.0
1611,475.0
1612,475.0
1613,475.0
1614,475.0
1615,475.0
1616,480.0
1617,480.0
1618,480.0
1619,480.0
1620,475.0
1621,475.0
1622,475.0
1623,475.0
1624,475.0
1625,475.0
1626,475.0
1627,475.0
1628,475.0
1629,475.0
1630,475.0
1631,475.0
1632,475.0
1633,475.0
1634,470.0
1635,475.0
1636,475.0
1637,475.0
1638,475.0
1639,475.0
1640,480.0
1641,480.0
1642,475.0
1643,475.0
1644,475.0
1645,475.0
1646,475.0
1647,475.0
1648,475.0
1649,475.0
1650,475.0
1651,475.0
1652,475.0
1653,475.0
1654,475.0
1655,475.0
1656,475.0
1657,475.0
1658,475.0
1659,470.0
1660,475.0
1661,470.0
1662,470.0
1663,470.0
1664,475.0
1665,475.0
1666,475.0
1667,475.0
1668,475.0
1669,470.0
1670,470.0
1671,470.0
1672,470.0
1673,470.0
1674,470.0
1675,470.0
1676,470.0
1677,475.0
1678,470.0
1679,470.0
1680,470.0
1681,470.0
1682,470.0
1683,470.0
1684,470.0
1685,470.0
1686,470.0
1687,470.0
1688,475.0
1689,470.0
1690,470.0
1691,470.0
1692,470.0
1693,470.0
1694,470.0
1695,470.0
1696,470.0
1697,470.0
1698,470.0
1699,470.0
1700,470.0
1701,470.0
1702,470.0
1703,470.0
1704,470.0
1705,470.0
1706,470.0
1707,470.0
1708,470.0
1709,470.0
1710,470.0
1711,475.0
1712,470.0
1713,470.0
1714,475.0
1715,470.0
1716,470.0
1717,470.0
1718,470.0
1719,470.0
1720,470.0
1721,470.0
1722,470.0
1723,470.0
1724,470.0
1725,470.0
1726,470.0
1727,470.0
1728,470.0
1729,470.0
1730,470.0
1731,470.0
1732,470.0
1733,470.0
1734,470.0
1735,470.0
1736,475.0
1737,475.0
1738,475.0
1739,470.0
1740,470.0
1741,470.0
1742,470.0
1743,470.0
1744,470.0
1745,470.0
1746,470.0
1747,470.0
1748,470.0
1749,470.0
1750,470.0
1751,470.0
1752,470.0
1753,470.0
1754,465.0
1755,470.0
1756,465.0
1757,470.0
1758,470.0
1759,470.0
1760,475.0
1761,475.0
1762,470.0
1763,470.0
1764,470.0
1765,470.0
1766,470.0
1767,470.0
1768,470.0
1769,470.0
1770,470.0
1771,470.0
1772,470.0
1773,470.0
1774,470.0
1775,470.0
1776,470.0
1777,465.0
1778,465.0
1779,465.0
1780,465.0
1781,465.0
1782,470.0
1783,470.0
1784,470.0
1785,470.0
1786,470.0
1787,465.0
1788,465.0
1789,465.0
1790,465.0
1791,465.0
1792,465.0
1793,465.0
1794,465.0
1795,465.0
1796,465.0
1797,465.0
1798,465.0
1799,465.0
1800,465.0
1801,465.0
1802,465.0
1803,465.0
1804,465.0
1805,465.0
1806,465.0
1807,465.0
1808,465.0
1809,465.0
1810,465.0
1811,465.0
1812,465.0
1813,465.0
1814,465.0
1815,465.0
1816,465.0
1817,465.0
1818,465.0
1819,465.0
1820,465.0
1821,465.0
1822,465.0
1823,465.0
1824,465.0
1825,465.0
1826,465.0
1827,465.0
1828,465.0
1829,465.0
1830,465.0
1831,465.0
1832,465.0
1833,465.0
1834,465.0
1835,465.0
1836,465.0
1837,465.0
1838,465.0
1839,465.0
1840,465.0
1841,465.0
1842,465.0
1843,465.0
1844,465.0
1845,465.0
1846,465.0
1847,465.0
1848,460.0
1849,465.0
1850,465.0
1851,465.0
1852,465.0
1853,465.0
1854,465.0
1855,465.0
1856,465.0
1857,465.0
1858,465.0
1859,465.0
1860,465.0
1861,465.0
1862,465.0
1863,465.0
1864,465.0
1865,465.0
1866,465.0
1867,465.0
1868,465.0
1869,465.0
1870,465.0
1871,460.0
1872,460.0
1873,460.0
1874,465.0
1875,465.0
1876,465.0
1877,465.0
1878,465.0
1879,465.0
1880,465.0
1881,465.0
1882,465.0
1883,465.0
1884,465.0
1885,465.0
1886,465.0
1887,465.0
1888,465.0
1889,465.0
1890,465.0
1891,465.0
1892,465.0
1893,465.0
1894,465.0
1895,460.0
1896,465.0
1897,465.0
1898,465.0
1899,465.0
1900,460.0
1901,465.0
1902,465.0
1903,465.0
1904,465.0
1905,465.0
1906,465.0
1907,465.0
1908,460.0
1909,460.0
1910,460.0
1911,460.0
1912,460.0
1913,460.0
1914,465.0
1915,465.0
1916,465.0
1917,465.0
1918,465.0
1919,465.0
1920,460.0
1921,460.0
1922,465.0
1923,460.0
1924,460.0
1925,460.0
1926,465.0
1927,465.0
1928,465.0
1929,465.0
1930,465.0
1931,465.0
1932,465.0
1933,465.0
1934,465.0
1935,465.0
1936,460.0
1937,465.0
1938,465.0
1939,465.0
1940,465.0
1941,465.0
1942,465.0
1943,465.0
1944,465.0
1945,465.0
1946,465.0
1947,465.0
1948,465.0
1949,465.0
1950,465.0
1951,465.0
1952,465.0
1953,465.0
1954,465.0
1955,465.0
1956,465.0
1957,465.0
1958,465.0
1959,465.0
1960,465.0
1961,465.0
1962,465.0
1963,465.0
1964,465.0
1965,465.0
1966,465.0
1967,465.0
1968,465.0
1969,465.0
1970,465.0
1971,465.0
1972,465.0
1973,465.0
1974,465.0
1975,465.0
1976,465.0
1977,465.0
1978,465.0
1979,465.0
1980,465.0
1981,465.0
1982,465.0
1983,465.0
1984,465.0
1985,465.0
1986,465.0
1987,465.0
1988,465.0
1989,465.0
1990,465.0
1991,460.0
1992,460.0
1993,465.0
1994,460.0
1995,465.0
1996,465.0
1997,465.0
1998,465.0
1999,465.0
2000,465.0
2001,465.0
2002,465.0
2003,465.0
2004,465.0
2005,465.0
2006,465.0
2007,465.0
2008,465.0
2009,465.0
2010,465.0
2011,465.0
2012,465.0
2013,465.0
2014,465.0
2015,460.0
2016,460.0
2017,460.0
2018,465.0
2019,465.0
2020,465.0
2021,465.0
2022,470.0
2023,460.0
2024,465.0
2025,465.0
2026,465.0
2027,465.0
2028,465.0
2029,465.0
2030,460.0
2031,460.0
2032,460.0
2033,460.0
2034,460.0
2035,460.0
2036,460.0
2037,460.0
2038,460.0
2039,460.0
2040,460.0
2041,460.0
2042,460.0
2043,460.0
2044,460.0
2045,460.0
2046,460.0
2047,460.0
2048,460.0
2049,460.0
2050,460.0
2051,460.0
2052,460.0
2053,460.0
2054,460.0
2055,460.0
2056,460.0
2057,460.0
2058,460.0
2059,460.0
2060,460.0
2061,455.0
2062,460.0
2063,460.0
2064,460.0
2065,460.0
2066,460.0
2067,460.0
2068,460.0
2069,460.0
2070,460.0
2071,455.0
2072,455.0
2073,450.0
2074,450.0
2075,455.0
2076,455.0
2077,450.0
2078,455.0
2079,455.0
2080,455.0
2081,455.0
2082,455.0
2083,455.0
2084,455.0
2085,455.0
2086,455.0
2087,455.0
2088,455.0
2089,455.0
2090,455.0
2091,455.0
2092,455.0
2093,450.0
2094,450.0
2095,450.0
2096,450.0
2097,450.0
2098,450.0
2099,455.0
2100,455.0
2101,450.0
2102,455.0
2103,450.0
2104,455.0
2105,455.0
2106,455.0
2107,455.0
2108,455.0
2109,455.0
2110,455.0
2111,455.0
2112,455.0
2113,450.0
2114,450.0
2115,450.0
2116,450.0
2117,450.0
2118,450.0
2119,445.0
2120,450.0
2121,445.0
2122,450.0
2123,450.0
2124,450.0
2125,450.0
2126,450.0
2127,450.0
2128,450.0
2129,450.0
2130,450.0
2131,450.0
2132,450.0
2133,450.0
2134,450.0
2135,450.0
2136,450.0
2137,450.0
2138,450.0
2139,445.0
2140,445.0
2141,445.0
2142,440.0
2143,445.0
2144,445.0
2145,445.0
2146,450.0
2147,455.0
2148,450.0
2149,450.0
2150,450.0
2151,450.0
2152,445.0
2153,445.0
2154,445.0
2155,445.0
2156,445.0
2157,445.0
2158,445.0
2159,445.0
2160,445.0
2161,445.0
2162,445.0
2163,445.0
2164,440.0
2165,445.0
2166,445.0
2167,445.0
2168,440.0
2169,445.0
2170,450.0
2171,445.0
2172,450.0
2173,445.0
2174,445.0
2175,445.0
2176,445.0
2177,450.0
2178,445.0
2179,445.0
2180,445.0
2181,445.0
2182,445.0
2183,445.0
2184,445.0
2185,445.0
2186,445.0
2187,445.0
2188,445.0
2189,445.0
2190,445.0
2191,445.0
2192,445.0
2193,445.0
2194,445.0
2195,445.0
2196,445.0
2197,445.0
2198,445.0
2199,445.0
2200,445.0
2201,445.0
2202,445.0
2203,445.0
2204,445.0
2205,445.0
2206,445.0
2207,445.0
2208,445.0
2209,445.0
2210,445.0
2211,445.0
2212,440.0
2213,445.0
2214,445.0
2215,445.0
2216,445.0
2217,445.0
2218,445.0
2219,445.0
2220,445.0
2221,445.0
2222,445.0
2223,445.0
2224,445.0
2225,445.0
2226,445.0
2227,445.0
2228,445.0
2229,445.0
2230,445.0
2231,445.0
2232,440.0
2233,445.0
2234,445.0
2235,440.0
2236,435.0
2237,440.0
2238,440.0
2239,440.0
2240,440.0
2241,440.0
2242,445.0
2243,435.0
2244,445.0
2245,445.0
2246,440.0
2247,440.0
2248,440.0
2249,440.0
2250,440.0
2251,440.0
2252,440.0
2253,440.0
2254,440.0
2255,440.0
2256,440.0
2257,440.0
2258,440.0
2259,440.0
2260,440.0
2261,440.0
2262,435.0
2263,440.0
2264,440.0
2265,445.0
2266,440.0
2267,445.0
2268,445.0
2269,440.0
2270,440.0
2271,440.0
2272,440.0
2273,440.0
2274,440.0
2275,440.0
2276,440.0
2277,440.0
2278,440.0
2279,440.0
2280,440.0
2281,440.0
2282,440.0
2283,440.0
2284,435.0
2285,440.0
2286,440.0
2287,440.0
2288,440.0
2289,440.0
2290,445.0
2291,445.0
2292,440.0
2293,440.0
2294,440.0
2295,440.0
2296,440.0
2297,440.0
2298,440.0
2299,440.0
2300,440.0
2301,440.0
2302,440.0
2303,440.0
2304,440.0
2305,440.0
2306,440.0
2307,440.0
2308,440.0
2309,440.0
2310,440.0
2311,440.0
2312,440.0
2313,440.0
2314,440.0
2315,440.0
2316,440.0
2317,440.0
2318,440.0
2319,440.0
2320,440.0
2321,440.0
2322,440.0
2323,440.0
2324,435.0
2325,435.0
2326,435.0
2327,435.0
2328,440.0
2329,435.0
2330,435.0
2331,435.0
2332,435.0
2333,435.0
2334,435.0
2335,435.0
2336,435.0
2337,440.0
2338,435.0
2339,440.0
2340,435.0
2341,440.0
2342,440.0
2343,435.0
2344,435.0
2345,435.0
2346,435.0
2347,435.0
2348,435.0
2349,435.0
2350,435.0
2351,435.0
2352,435.0
2353,435.0
2354,435.0
2355,435.0
2356,435.0
2357,435.0
2358,435.0
2359,435.0
2360,435.0
2361,440.0
2362,440.0
2363,440.0
2364,440.0
2365,440.0
2366,440.0
2367,440.0
2368,435.0
2369,435.0
2370,435.0
2371,435.0
2372,435.0
2373,435.0
2374,435.0
2375,435.0
2376,435.0
2377,435.0
2378,435.0
2379,435.0
2380,435.0
2381,440.0
2382,435.0
2383,430.0
2384,435.0
2385,440.0
2386,440.0
2387,440.0
2388,440.0
2389,440.0
2390,440.0
2391,435.0
2392,435.0
2393,440.0
2394,440.0
2395,435.0
2396,435.0
2397,435.0
2398,440.0
2399,435.0
2400,435.0
2401,435.0
2402,435.0
2403,435.0
2404,435.0
2405,435.0
2406,435.0
2407,440.0
2408,435.0
2409,435.0
2410,435.0
2411,440.0
2412,440.0
2413,435.0
2414,440.0
2415,435.0
2416,435.0
2417,435.0
2418,435.0
2419,435.0
2420,435.0
2421,435.0
2422,435.0
2423,435.0
2424,435.0
2425,435.0
2426,430.0
2427,435.0
2428,430.0
2429,435.0
2430,435.0
2431,435.0
2432,435.0
2433,435.0
2434,440.0
2435,440.0
2436,435.0
2437,435.0
2438,435.0
2439,435.0
2440,435.0
2441,435.0
2442,435.0
2443,435.0
2444,435.0
2445,435.0
2446,435.0
2447,435.0
2448,435.0
2449,435.0
2450,430.0
2451,435.0
2452,430.0
2453,430.0
2454,440.0
2455,430.0
2456,430.0
2457,435.0
2458,435.0
2459,435.0
2460,435.0
2461,435.0
2462,435.0
2463,430.0
2464,430.0
2465,430.0
2466,430.0
2467,430.0
2468,430.0
2469,435.0
2470,435.0
2471,430.0
2472,430.0
2473,430.0
2474,430.0
2475,430.0
2476,430.0
2477,425.0
2478,430.0
2479,425.0
2480,435.0
2481,435.0
2482,435.0
2483,430.0
2484,435.0
2485,430.0
2486,435.0
2487,435.0
2488,435.0
2489,430.0
2490,435.0
2491,435.0
2492,430.0
2493,435.0
2494,435.0
2495,435.0
2496,435.0
2497,430.0
2498,430.0
2499,430.0
2500,430.0
2501,430.0
2502,430.0
2503,430.0
2504,430.0
2505,430.0
2506,430.0
2507,430.0
2508,430.0
2509,430.0
2510,430.0
2511,430.0
2512,430.0
2513,430.0
2514,430.0
2515,430.0
2516,430.0
2517,430.0
2518,430.0
2519,430.0
2520,430.0
2521,430.0
2522,425.0
2523,430.0
2524,430.0
2525,425.0
2526,430.0
2527,430.0
2528,430.0
2529,430.0
2530,430.0
2531,430.0
2532,430.0
2533,430.0
2534,430.0
2535,430.0
2536,430.0
2537,430.0
2538,430.0
2539,430.0
2540,430.0
2541,430.0
2542,430.0
2543,430.0
2544,430.0
2545,430.0
2546,430.0
2547,430.0
2548,430.0
2549,425.0
2550,430.0
2551,430.0
2552,430.0
2553,420.0
2554,410.0
2555,410.0
2556,410.0
2557,415.0
2558,415.0
2559,415.0
2560,415.0
2561,415.0
2562,420.0
2563,420.0
2564,420.0
2565,425.0
2566,425.0
2567,425.0
2568,420.0
2569,425.0
2570,425.0
2571,425.0
2572,425.0
2573,430.0
2574,430.0
2575,430.0
2576,430.0
2577,425.0
2578,430.0
2579,430.0
2580,430.0
2581,430.0
2582,430.0
2583,430.0
2584,430.0
2585,430.0
2586,430.0
2587,430.0
2588,430.0
2589,430.0
2590,430.0
2591,430.0
2592,430.0
2593,425.0
2594,430.0
2595,430.0
2596,425.0
2597,425.0
2598,435.0
2599,435.0
2600,430.0
2601,430.0
2602,430.0
2603,430.0
2604,425.0
2605,425.0
2606,430.0
2607,425.0
2608,425.0
2609,425.0
2610,425.0
2611,425.0
2612,425.0
2613,425.0
2614,425.0
2615,425.0
2616,425.0
2617,425.0
2618,425.0
2619,425.0
2620,425.0
2621,425.0
2622,425.0
2623,425.0
2624,425.0
2625,425.0
2626,425.0
2627,425.0
2628,425.0
2629,425.0
2630,425.0
2631,425.0
2632,425.0
2633,425.0
2634,425.0
2635,425.0
2636,425.0
2637,425.0
2638,425.0
2639,425.0
2640,425.0
2641,425.0
2642,425.0
2643,425.0
2644,425.0
2645,425.0
2646,425.0
2647,420.0
2648,425.0
2649,425.0
2650,425.0
2651,425.0
2652,425.0
2653,425.0
2654,425.0
2655,425.0
2656,425.0
2657,425.0
2658,425.0
2659,425.0
2660,425.0
2661,425.0
2662,425.0
2663,425.0
2664,425.0
2665,425.0
2666,425.0
2667,425.0
2668,425.0
2669,425.0
2670,425.0
2671,425.0
2672,425.0
2673,425.0
2674,425.0
2675,425.0
2676,425.0
2677,425.0
2678,425.0
2679,425.0
2680,425.0
2681,425.0
2682,425.0
2683,425.0
2684,425.0
2685,425.0
2686,425.0
2687,425.0
2688,425.0
2689,425.0
2690,425.0
2691,425.0
2692,425.0
2693,425.0
2694,425.0
2695,425.0
2696,425.0
2697,425.0
2698,425.0
2699,425.0
2700,425.0
2701,425.0
2702,425.0
2703,425.0
2704,425.0
2705,425.0
2706,425.0
2707,425.0
2708,425.0
2709,425.0
2710,425.0
2711,425.0
2712,425.0
2713,425.0
2714,425.0
2715,425.0
2716,425.0
2717,425.0
2718,430.0
2719,430.0
2720,430.0
2721,430.0
2722,430.0
2723,430.0
2724,430.0
2725,430.0
2726,430.0
2727,425.0
2728,425.0
2729,425.0
2730,430.0
2731,430.0
2732,430.0
2733,430.0
2734,430.0
2735,430.0
2736,425.0
2737,425.0
2738,425.0
2739,425.0
2740,430.0
2741,430.0
2742,430.0
2743,425.0
2744,430.0
2745,430.0
2746,430.0
2747,430.0
2748,430.0
2749,430.0
2750,430.0
2751,430.0
2752,430.0
2753,425.0
2754,430.0
2755,430.0
2756,430.0
2757,430.0
2758,430.0
2759,430.0
2760,430.0
2761,425.0
2762,425.0
2763,425.0
2764,430.0
2765,430.0
2766,430.0
2767,430.0
2768,430.0
2769,425.0
2770,425.0
2771,425.0
2772,425.0
2773,425.0
2774,425.0
2775,425.0
2776,425.0
2777,425.0
2778,425.0
2779,425.0
2780,425.0
2781,425.0
2782,430.0
2783,430.0
2784,430.0
2785,430.0
2786,425.0
2787,425.0
2788,425.0
2789,430.0
2790,425.0
2791,430.0
2792,425.0
2793,425.0
2794,425.0
2795,425.0
2796,425.0
2797,425.0
2798,425.0
2799,425.0
2800,425.0
2801,425.0
2802,425.0
2803,425.0
2804,425.0
2805,425.0
2806,425.0
2807,420.0
2808,420.0
2809,420.0
2810,420.0
2811,420.0
2812,425.0
2813,425.0
2814,425.0
2815,425.0
2816,425.0
2817,425.0
2818,420.0
2819,420.0
2820,420.0
2821,425.0
2822,425.0
2823,425.0
2824,425.0
2825,425.0
2826,425.0
2827,425.0
2828,425.0
2829,425.0
2830,425.0
2831,425.0
2832,425.0
2833,425.0
2834,425.0
2835,425.0
2836,430.0
2837,425.0
2838,425.0
2839,425.0
2840,425.0
2841,425.0
2842,425.0
2843,425.0
2844,425.0
2845,425.0
2846,425.0
2847,425.0
2848,425.0
2849,425.0
2850,425.0
2851,425.0
2852,425.0
2853,425.0
2854,420.0
2855,420.0
2856,425.0
2857,425.0
2858,425.0
2859,430.0
2860,425.0
2861,425.0
2862,430.0
2863,425.0
2864,425.0
2865,425.0
2866,425.0
2867,425.0
2868,425.0
2869,425.0
2870,425.0
2871,425.0
2872,425.0
2873,425.0
2874,425.0
2875,425.0
2876,425.0
2877,425.0
2878,420.0
2879,425.0
2880,425.0
2881,425.0
2882,425.0
2883,425.0
2884,425.0
2885,425.0
2886,445.0
2887,440.0
2888,435.0
2889,435.0
2890,435.0
2891,435.0
2892,435.0
2893,435.0
2894,435.0
2895,435.0
2896,435.0
2897,435.0
2898,435.0
2899,435.0
2900,435.0
2901,435.0
2902,430.0
2903,435.0
2904,435.0
2905,440.0
2906,435.0
2907,435.0
2908,435.0
2909,435.0
2910,435.0
2911,435.0
2912,435.0
